1580343943 -0.0
1580343943 -0.0
1580343943 -0.0
1580343943 -0.0
1580343943 -0.0
1580343943 -0.564787566662
1580343943 -1.0
1580343943 -1.0
1580343943 -0.0
1580343943 0.596785724163
1580343943 0.860293030739
1580343943 1.0
1580343943 1.0
1580343944 0.764483392239
1580343944 -0.0
1580343944 -0.109661020339
1580343944 -0.828294873238
1580343944 -1.0
1580343944 -0.0
1580343944 0.31731018424
1580343944 0.924166142941
1580343944 -0.0
1580343944 -0.229423046112
1580343944 -1.0
1580343944 -0.540835142136
1580343944 -0.0
1580343945 -0.0
1580343945 0.0698019936681
1580343945 0.804404079914
1580343945 0.956102669239
1580343945 0.956102669239
1580343945 0.900213718414
1580343945 -0.0
1580343945 -0.229423046112
1580343945 -0.61269235611
1580343945 -0.756437659264
1580343945 -1.0
1580343945 -1.0
1580343945 -0.0
1580343945 -0.0
1580343945 0.189564019442
1580343945 0.245452970266
1580343946 0.492991983891
1580343946 0.82835650444
1580343946 1.0
1580343946 1.0
1580343946 0.804404079914
1580343946 0.421134769917
1580343946 0.125690937042
1580343946 0.0538337267935
1580343946 0.0538337267935
1580343946 0.588801622391
1580343946 0.884245455265
1580343946 1.0
1580343946 1.0
1580343946 0.82835650444
1580343946 0.82835650444
1580343946 0.748515129089
1580343946 -0.0
1580343946 -0.0
1580343947 -0.900152087212
1580343947 -0.0378038026392
1580343947 -0.0
1580343947 -0.229423046112
1580343947 -0.764421761036
1580343947 -0.93208861351
1580343947 -0.0
1580343947 -0.325232684612
1580343947 -1.0
1580343947 -0.285311996937
1580343947 -0.0
1580343948 -0.0
1580343948 -1.0
1580343948 -1.0
1580343948 -1.0
1580343948 -0.0
1580343948 0.780451714993
1580343948 0.492991983891
1580343948 -0.0
1580343948 -0.0
1580343948 -0.0
1580343949 -0.0
1580343949 0.588801622391
1580343949 1.0
1580343949 -0.0
1580343949 -0.0
1580343949 -0.0
1580343949 -0.0
1580343949 1.0
1580343949 -0.0
1580343949 -0.0
1580343950 -0.0
1580343950 -1.0
1580343950 -0.0
1580343950 -0.0
1580343950 -0.0
1580343950 -0.74046933651
1580343950 -1.0
1580343950 -1.0
1580343950 -1.0
